777777777777777777777777777777777777777777777777777777777777777777777
777777777777777777777777777777777777777777777777777777777777777777777
7777777777777777777777777777777777 7777777777777777777777777777777777
777777777777777777777777777777777 7 777777777777777777777777777777777
77777777777777777777777777777777  7  77777777777777777777777777777777
7777777777777777777777777777777   7   7777777777777777777777777777777
777777777777777777777777777777    7    777777777777777777777777777777
77777777777777777777777777777    777    77777777777777777777777777777
7777777777777777777777777777     777     7777777777777777777777777777
777777777777777777777777777      777      777777777777777777777777777
77777777777777777777777777       777       77777777777777777777777777
7777777777777777777777777       77777       7777777777777777777777777
777777777777777777777777        77777        777777777777777777777777
77777777777777777777777         77777         77777777777777777777777
7777777777777777777777          77777          7777777777777777777777
777777777777777777777          7777777          777777777777777777777
77777777777777777777           7777777           77777777777777777777
7777777777777777777            7777777            7777777777777777777
777777777777777777            777777777            777777777777777777

그는 더 넓은 세상으로 떠났습니다.

축하합니다 게임을 클리어 하셨습니다.    